$GNGGA,075141.000,6117.764707,N,02349.095000,E,1,8,0.89,122.684,M,20.300,M,,*43
$GPGSA,A,3,21,25,30,16,29,05,10,31,,,,,1.68,0.89,1.42*06
$GLGSA,A,3,,,,,,,,,,,,,1.68,0.89,1.42*17
$GPGSV,3,1,12,29,58,104,38,30,54,277,38,21,49,195,37,05,33,065,38*71
$GPGSV,3,2,12,16,29,304,34,31,20,230,35,25,17,153,28,33,13,222,30*7F
$GPGSV,3,3,12,10,05,016,29,02,05,052,34,23,01,308,,13,,,32*4D
$GLGSV,3,1,10,77,62,246,,67,59,237,31,76,59,062,,68,36,321,34*6E
$GLGSV,3,2,10,85,29,042,41,66,22,185,,86,15,095,,84,14,350,37*61
$GLGSV,3,3,10,78,11,244,,75,05,063,*6B
$GNRMC,075141.000,A,6117.764707,N,02349.095000,E,59.10,203.16,060732,,,A*49
$GNVTG,203.16,T,,M,59.10,N,109.51,K,A*14
